0.18775081634521484 0.0
0.2613838315010071 0.0
0.3029209077358246 0.0
0.1899234801530838 0.0
0.2816470265388489 1.0
0.4442462623119354 1.0
0.11412980407476425 0.0
0.21929439902305603 0.0
0.38963043689727783 1.0
0.24072712659835815 0.0
0.32594719529151917 0.0
0.7531604766845703 1.0
0.24278302490711212 0.0
0.09501795470714569 0.0
0.07677800208330154 0.0
0.06541416794061661 0.0
0.3894364833831787 0.0
0.224104106426239 0.0
0.07679969072341919 0.0
0.21112895011901855 0.0
0.2663028836250305 0.0
0.1455027163028717 0.0
0.1327047049999237 0.0
0.3101332485675812 0.0
0.19611920416355133 0.0
0.1353655308485031 0.0
0.3126353323459625 1.0
0.17347128689289093 0.0
0.3144218325614929 0.0
0.48708802461624146 0.0
0.35459595918655396 0.0
0.23829549551010132 1.0
0.17510919272899628 0.0
0.1782056987285614 0.0
0.1299421489238739 0.0
0.3491212725639343 0.0
0.11070047318935394 0.0
0.1718597412109375 0.0
0.4238077998161316 0.0
0.22169038653373718 0.0
0.3224029541015625 0.0
0.35043013095855713 0.0
0.1918412446975708 0.0
0.3137226104736328 1.0
0.21832922101020813 0.0
0.21540021896362305 0.0
0.13867703080177307 0.0
0.4436609745025635 0.0
0.25123316049575806 0.0
0.19387349486351013 0.0
0.28848350048065186 0.0
0.17721788585186005 0.0
0.5260224342346191 0.0
-0.06436816602945328 0.0
0.23870033025741577 0.0
0.29827219247817993 0.0
0.20937272906303406 1.0
0.06834844499826431 0.0
0.293556809425354 0.0
0.29604780673980713 0.0
0.2706274688243866 1.0
0.07229460030794144 0.0
0.24805472791194916 0.0
0.2780228555202484 0.0
0.1876405030488968 0.0
0.16557644307613373 0.0
0.10217516124248505 0.0
0.19078046083450317 0.0
0.4384147524833679 0.0
0.2248075157403946 1.0
0.2677280306816101 0.0
0.16622976958751678 0.0
0.09549291431903839 0.0
0.13526365160942078 0.0
0.3668542504310608 0.0
0.13153934478759766 0.0
0.05958164483308792 0.0
0.09596968442201614 0.0
0.23418675363063812 0.0
0.3619460165500641 0.0
